H (Oe)	Fre(S21)	deg(S21)	Lin(S21)	Fre(S12)	deg(S12)	Lin(S12)
5.500000E+2	3.400000E+9	-2.544148E+1	9.039180E-5	3.400000E+9	1.658382E+2	9.206043E-5
5.500000E+2	3.400000E+9	-2.591386E+1	9.197633E-5	3.400000E+9	1.654113E+2	9.201995E-5
5.450000E+2	3.400000E+9	-2.644355E+1	9.077154E-5	3.400000E+9	1.647687E+2	9.094039E-5
5.400000E+2	3.400000E+9	-2.745536E+1	9.074846E-5	3.400000E+9	1.643819E+2	9.100620E-5
5.350000E+2	3.400000E+9	-2.729914E+1	9.044219E-5	3.400000E+9	1.632702E+2	9.080191E-5
5.300000E+2	3.400000E+9	-2.761659E+1	9.146336E-5	3.400000E+9	1.631367E+2	9.257257E-5
5.250000E+2	3.400000E+9	-2.903579E+1	8.811540E-5	3.400000E+9	1.626299E+2	8.901321E-5
5.200000E+2	3.400000E+9	-2.951339E+1	8.984323E-5	3.400000E+9	1.612634E+2	8.957891E-5
5.150000E+2	3.400000E+9	-3.128252E+1	8.804278E-5	3.400000E+9	1.597406E+2	8.883404E-5
5.100000E+2	3.400000E+9	-3.339210E+1	8.615713E-5	3.400000E+9	1.582493E+2	8.833982E-5
5.050000E+2	3.400000E+9	-3.419176E+1	8.490521E-5	3.400000E+9	1.567758E+2	8.763434E-5
5.000000E+2	3.400000E+9	-3.614171E+1	8.357625E-5	3.400000E+9	1.566282E+2	8.381927E-5
4.950000E+2	3.400000E+9	-3.719576E+1	8.005034E-5	3.400000E+9	1.548012E+2	8.437511E-5
4.900000E+2	3.400000E+9	-3.774347E+1	7.687108E-5	3.400000E+9	1.529797E+2	8.001639E-5
4.850000E+2	3.400000E+9	-3.912625E+1	7.024206E-5	3.400000E+9	1.510054E+2	7.720514E-5
4.800000E+2	3.400000E+9	-3.911081E+1	6.623319E-5	3.400000E+9	1.503991E+2	7.480972E-5
4.750000E+2	3.400000E+9	-3.708399E+1	5.907833E-5	3.400000E+9	1.489451E+2	6.916509E-5
4.700000E+2	3.400000E+9	-3.211038E+1	5.505053E-5	3.400000E+9	1.467780E+2	6.334599E-5
4.650000E+2	3.400000E+9	-2.823207E+1	5.167788E-5	3.400000E+9	1.481431E+2	5.546389E-5
4.600000E+2	3.400000E+9	-2.061870E+1	5.006920E-5	3.400000E+9	1.512547E+2	4.925191E-5
4.550000E+2	3.400000E+9	-1.355108E+1	4.941834E-5	3.400000E+9	1.573070E+2	4.380170E-5
4.500000E+2	3.400000E+9	-7.091334E+0	5.275800E-5	3.400000E+9	1.675221E+2	4.133811E-5
4.450000E+2	3.400000E+9	-1.488024E+0	5.855463E-5	3.400000E+9	1.796846E+2	4.016657E-5
4.400000E+2	3.400000E+9	2.408340E-1	6.388685E-5	3.400000E+9	-1.736565E+2	4.247230E-5
4.350000E+2	3.400000E+9	-3.094808E-1	6.828984E-5	3.400000E+9	-1.659259E+2	4.699139E-5
4.300000E+2	3.400000E+9	-1.044951E+0	7.380564E-5	3.400000E+9	-1.626062E+2	5.336876E-5
4.250000E+2	3.400000E+9	-1.087637E+0	7.668629E-5	3.400000E+9	-1.605828E+2	5.982703E-5
4.200000E+2	3.400000E+9	-1.996093E+0	7.982201E-5	3.400000E+9	-1.613900E+2	6.557799E-5
4.150000E+2	3.400000E+9	-4.751177E+0	8.196533E-5	3.400000E+9	-1.630101E+2	7.162524E-5
4.100000E+2	3.400000E+9	-5.523232E+0	8.422166E-5	3.400000E+9	-1.651683E+2	7.519277E-5
4.050000E+2	3.400000E+9	-6.309542E+0	8.498836E-5	3.400000E+9	-1.650016E+2	7.879628E-5
4.000000E+2	3.400000E+9	-6.362689E+0	8.634625E-5	3.400000E+9	-1.673422E+2	8.048609E-5
3.950000E+2	3.400000E+9	-8.200501E+0	8.710655E-5	3.400000E+9	-1.699307E+2	8.284439E-5
3.900000E+2	3.400000E+9	-8.317678E+0	8.674322E-5	3.400000E+9	-1.695689E+2	8.341929E-5
3.850000E+2	3.400000E+9	-8.165235E+0	8.830534E-5	3.400000E+9	-1.710370E+2	8.435987E-5
3.800000E+2	3.400000E+9	-8.701063E+0	8.871794E-5	3.400000E+9	-1.715792E+2	8.544768E-5
3.750000E+2	3.400000E+9	-9.632456E+0	8.920248E-5	3.400000E+9	-1.727185E+2	8.672214E-5
3.700000E+2	3.400000E+9	-1.035502E+1	9.030141E-5	3.400000E+9	-1.736125E+2	8.752845E-5
3.650000E+2	3.400000E+9	-1.080717E+1	9.057186E-5	3.400000E+9	-1.740302E+2	8.810136E-5
3.600000E+2	3.400000E+9	-1.013507E+1	8.978743E-5	3.400000E+9	-1.747855E+2	8.934290E-5
3.550000E+2	3.400000E+9	-1.176335E+1	9.047709E-5	3.400000E+9	-1.764344E+2	8.746974E-5
3.500000E+2	3.400000E+9	-1.186581E+1	9.145210E-5	3.400000E+9	-1.753458E+2	9.025245E-5
3.500000E+2	3.400000E+9	-1.127516E+1	9.095977E-5	3.400000E+9	-1.751616E+2	8.904586E-5
3.500000E+2	3.400000E+9	-1.118659E+1	9.041539E-5	3.400000E+9	-1.757326E+2	8.839092E-5
3.500000E+2	3.400000E+9	-1.146153E+1	8.999649E-5	3.400000E+9	-1.753164E+2	8.835513E-5
3.500000E+2	3.400000E+9	-1.174530E+1	9.016543E-5	3.400000E+9	-1.747863E+2	9.038569E-5
3.500000E+2	3.400000E+9	-1.163515E+1	9.121355E-5	3.400000E+9	-1.756567E+2	8.805391E-5
3.500000E+2	3.400000E+9	-1.132624E+1	9.093121E-5	3.400000E+9	-1.749789E+2	9.063428E-5
3.500000E+2	3.400000E+9	-1.165906E+1	9.152661E-5	3.400000E+9	-1.756756E+2	8.975825E-5
