H (Oe)	Fre(S21)	deg(S21)	Lin(S21)	Fre(S12)	deg(S12)	Lin(S12)
5.500000E+2	3.400000E+9	-2.245615E+1	1.036666E-4	3.400000E+9	1.705687E+2	1.047890E-4
5.500000E+2	3.400000E+9	-2.177139E+1	1.032989E-4	3.400000E+9	1.700367E+2	1.037212E-4
5.450000E+2	3.400000E+9	-2.157457E+1	1.034964E-4	3.400000E+9	1.704409E+2	1.045289E-4
5.400000E+2	3.400000E+9	-2.258706E+1	1.035337E-4	3.400000E+9	1.693875E+2	1.036843E-4
5.350000E+2	3.400000E+9	-2.203652E+1	1.044038E-4	3.400000E+9	1.697872E+2	1.046677E-4
5.300000E+2	3.400000E+9	-2.111667E+1	1.044934E-4	3.400000E+9	1.690258E+2	1.042486E-4
5.250000E+2	3.400000E+9	-2.260279E+1	1.038458E-4	3.400000E+9	1.691313E+2	1.032281E-4
5.200000E+2	3.400000E+9	-2.129679E+1	1.032416E-4	3.400000E+9	1.698925E+2	1.038030E-4
5.150000E+2	3.400000E+9	-2.132244E+1	1.030769E-4	3.400000E+9	1.694347E+2	1.045337E-4
5.100000E+2	3.400000E+9	-2.171297E+1	1.033046E-4	3.400000E+9	1.686788E+2	1.036193E-4
5.050000E+2	3.400000E+9	-2.160141E+1	1.034529E-4	3.400000E+9	1.692695E+2	1.031797E-4
5.000000E+2	3.400000E+9	-2.218837E+1	1.036606E-4	3.400000E+9	1.681503E+2	1.026432E-4
4.950000E+2	3.400000E+9	-2.206972E+1	1.026011E-4	3.400000E+9	1.677208E+2	1.021034E-4
4.900000E+2	3.400000E+9	-2.272957E+1	1.019521E-4	3.400000E+9	1.670179E+2	1.009819E-4
4.850000E+2	3.400000E+9	-2.309983E+1	1.010825E-4	3.400000E+9	1.664282E+2	1.014860E-4
4.800000E+2	3.400000E+9	-2.321341E+1	1.019452E-4	3.400000E+9	1.660909E+2	9.975826E-5
4.750000E+2	3.400000E+9	-2.322728E+1	1.003047E-4	3.400000E+9	1.655138E+2	9.779324E-5
4.700000E+2	3.400000E+9	-2.362756E+1	9.902702E-5	3.400000E+9	1.648485E+2	9.542099E-5
4.650000E+2	3.400000E+9	-2.462128E+1	9.833524E-5	3.400000E+9	1.651744E+2	9.407230E-5
4.600000E+2	3.400000E+9	-2.282225E+1	9.848833E-5	3.400000E+9	1.668955E+2	9.057866E-5
4.550000E+2	3.400000E+9	-2.239170E+1	9.648303E-5	3.400000E+9	1.677679E+2	8.783177E-5
4.500000E+2	3.400000E+9	-2.137129E+1	9.631991E-5	3.400000E+9	1.690657E+2	8.516025E-5
4.450000E+2	3.400000E+9	-1.976553E+1	9.541655E-5	3.400000E+9	1.715170E+2	8.484325E-5
4.400000E+2	3.400000E+9	-1.899347E+1	9.674091E-5	3.400000E+9	1.740060E+2	8.536886E-5
4.350000E+2	3.400000E+9	-1.868794E+1	9.744262E-5	3.400000E+9	1.759553E+2	8.548130E-5
4.300000E+2	3.400000E+9	-1.885906E+1	1.001447E-4	3.400000E+9	1.775844E+2	8.924372E-5
4.250000E+2	3.400000E+9	-1.755147E+1	1.008653E-4	3.400000E+9	1.788902E+2	9.140753E-5
4.200000E+2	3.400000E+9	-1.871899E+1	1.025117E-4	3.400000E+9	1.798114E+2	9.506150E-5
4.150000E+2	3.400000E+9	-1.801070E+1	1.038623E-4	3.400000E+9	1.799723E+2	9.867448E-5
4.100000E+2	3.400000E+9	-1.860782E+1	1.022229E-4	3.400000E+9	1.779440E+2	9.998035E-5
4.050000E+2	3.400000E+9	-1.881527E+1	1.045689E-4	3.400000E+9	1.776165E+2	1.019839E-4
4.000000E+2	3.400000E+9	-1.874214E+1	1.039169E-4	3.400000E+9	1.776353E+2	1.025362E-4
3.950000E+2	3.400000E+9	-1.878486E+1	1.035782E-4	3.400000E+9	1.774527E+2	1.029070E-4
3.900000E+2	3.400000E+9	-1.910517E+1	1.053615E-4	3.400000E+9	1.767706E+2	1.047186E-4
3.850000E+2	3.400000E+9	-1.956440E+1	1.047760E-4	3.400000E+9	1.761006E+2	1.043800E-4
3.800000E+2	3.400000E+9	-1.981462E+1	1.058456E-4	3.400000E+9	1.762368E+2	1.045678E-4
3.750000E+2	3.400000E+9	-1.910412E+1	1.042894E-4	3.400000E+9	1.760065E+2	1.048891E-4
3.700000E+2	3.400000E+9	-1.947844E+1	1.057691E-4	3.400000E+9	1.760303E+2	1.052375E-4
3.650000E+2	3.400000E+9	-1.965365E+1	1.049449E-4	3.400000E+9	1.758051E+2	1.041472E-4
3.600000E+2	3.400000E+9	-1.989352E+1	1.050610E-4	3.400000E+9	1.747780E+2	1.055292E-4
3.550000E+2	3.400000E+9	-1.889261E+1	1.064946E-4	3.400000E+9	1.750263E+2	1.055450E-4
3.500000E+2	3.400000E+9	-2.015960E+1	1.058026E-4	3.400000E+9	1.753397E+2	1.068266E-4
3.500000E+2	3.400000E+9	-1.946903E+1	1.053931E-4	3.400000E+9	1.752678E+2	1.044415E-4
3.500000E+2	3.400000E+9	-1.916942E+1	1.053998E-4	3.400000E+9	1.752938E+2	1.067155E-4
3.500000E+2	3.400000E+9	-1.932222E+1	1.050474E-4	3.400000E+9	1.751329E+2	1.050347E-4
3.500000E+2	3.400000E+9	-2.011711E+1	1.057970E-4	3.400000E+9	1.754775E+2	1.058642E-4
3.500000E+2	3.400000E+9	-1.887156E+1	1.056786E-4	3.400000E+9	1.758549E+2	1.063526E-4
3.500000E+2	3.400000E+9	-1.974162E+1	1.063841E-4	3.400000E+9	1.756387E+2	1.064422E-4
3.500000E+2	3.400000E+9	-2.036290E+1	1.063674E-4	3.400000E+9	1.744061E+2	1.050536E-4
