H (Oe)	Fre(S21)	deg(S21)	Lin(S21)	Fre(S12)	deg(S12)	Lin(S12)
5.500000E+2	3.400000E+9	-2.719706E+1	8.458822E-5	3.400000E+9	1.634560E+2	8.363922E-5
5.500000E+2	3.400000E+9	-2.756813E+1	8.445960E-5	3.400000E+9	1.641166E+2	8.409207E-5
5.450000E+2	3.400000E+9	-2.842183E+1	8.480518E-5	3.400000E+9	1.631494E+2	8.419732E-5
5.400000E+2	3.400000E+9	-2.855163E+1	8.465585E-5	3.400000E+9	1.631617E+2	8.448373E-5
5.350000E+2	3.400000E+9	-2.829814E+1	8.621685E-5	3.400000E+9	1.623680E+2	8.508607E-5
5.300000E+2	3.400000E+9	-2.909836E+1	8.511399E-5	3.400000E+9	1.620848E+2	8.337919E-5
5.250000E+2	3.400000E+9	-2.908176E+1	8.448569E-5	3.400000E+9	1.625597E+2	8.475929E-5
5.200000E+2	3.400000E+9	-2.846336E+1	8.436869E-5	3.400000E+9	1.626807E+2	8.528218E-5
5.150000E+2	3.400000E+9	-2.874602E+1	8.461493E-5	3.400000E+9	1.620041E+2	8.428075E-5
5.100000E+2	3.400000E+9	-2.963285E+1	8.451789E-5	3.400000E+9	1.621312E+2	8.502164E-5
5.050000E+2	3.400000E+9	-2.828876E+1	8.475199E-5	3.400000E+9	1.621374E+2	8.494273E-5
5.000000E+2	3.400000E+9	-2.864165E+1	8.483979E-5	3.400000E+9	1.619709E+2	8.485728E-5
4.950000E+2	3.400000E+9	-2.865058E+1	8.476577E-5	3.400000E+9	1.608155E+2	8.460299E-5
4.900000E+2	3.400000E+9	-2.870036E+1	8.540966E-5	3.400000E+9	1.603120E+2	8.460414E-5
4.850000E+2	3.400000E+9	-2.950130E+1	8.513506E-5	3.400000E+9	1.602149E+2	8.354623E-5
4.800000E+2	3.400000E+9	-2.971580E+1	8.498929E-5	3.400000E+9	1.603906E+2	8.275305E-5
4.750000E+2	3.400000E+9	-2.930363E+1	8.481725E-5	3.400000E+9	1.595152E+2	8.260002E-5
4.700000E+2	3.400000E+9	-2.966971E+1	8.437293E-5	3.400000E+9	1.598372E+2	8.172906E-5
4.650000E+2	3.400000E+9	-2.941587E+1	8.221043E-5	3.400000E+9	1.591644E+2	8.074936E-5
4.600000E+2	3.400000E+9	-3.040976E+1	8.282810E-5	3.400000E+9	1.590673E+2	7.802156E-5
4.550000E+2	3.400000E+9	-2.916573E+1	8.267300E-5	3.400000E+9	1.582901E+2	7.558522E-5
4.500000E+2	3.400000E+9	-2.925316E+1	8.039860E-5	3.400000E+9	1.601751E+2	7.418741E-5
4.450000E+2	3.400000E+9	-2.857210E+1	8.147869E-5	3.400000E+9	1.612557E+2	7.332217E-5
4.400000E+2	3.400000E+9	-2.832341E+1	8.129069E-5	3.400000E+9	1.640563E+2	7.216440E-5
4.350000E+2	3.400000E+9	-2.854468E+1	8.131184E-5	3.400000E+9	1.664604E+2	7.361005E-5
4.300000E+2	3.400000E+9	-2.781544E+1	8.110636E-5	3.400000E+9	1.664132E+2	7.443514E-5
4.250000E+2	3.400000E+9	-2.742402E+1	8.269401E-5	3.400000E+9	1.671456E+2	7.605187E-5
4.200000E+2	3.400000E+9	-2.674866E+1	8.262095E-5	3.400000E+9	1.673276E+2	7.787346E-5
4.150000E+2	3.400000E+9	-2.756351E+1	8.266806E-5	3.400000E+9	1.677125E+2	7.842333E-5
4.100000E+2	3.400000E+9	-2.692745E+1	8.317112E-5	3.400000E+9	1.679995E+2	7.969100E-5
4.050000E+2	3.400000E+9	-2.733412E+1	8.384289E-5	3.400000E+9	1.675789E+2	7.914784E-5
4.000000E+2	3.400000E+9	-2.674663E+1	8.408452E-5	3.400000E+9	1.684229E+2	8.021920E-5
3.950000E+2	3.400000E+9	-2.710107E+1	8.371708E-5	3.400000E+9	1.670371E+2	8.205989E-5
3.900000E+2	3.400000E+9	-2.625515E+1	8.299438E-5	3.400000E+9	1.692994E+2	8.195582E-5
3.850000E+2	3.400000E+9	-2.690592E+1	8.488896E-5	3.400000E+9	1.679405E+2	8.240875E-5
3.800000E+2	3.400000E+9	-2.728427E+1	8.450039E-5	3.400000E+9	1.672479E+2	8.196512E-5
3.750000E+2	3.400000E+9	-2.704013E+1	8.338751E-5	3.400000E+9	1.672476E+2	8.235756E-5
3.700000E+2	3.400000E+9	-2.696581E+1	8.362748E-5	3.400000E+9	1.680448E+2	8.265417E-5
3.650000E+2	3.400000E+9	-2.698814E+1	8.339231E-5	3.400000E+9	1.658370E+2	8.254586E-5
3.600000E+2	3.400000E+9	-2.640045E+1	8.430368E-5	3.400000E+9	1.669365E+2	8.435053E-5
3.550000E+2	3.400000E+9	-2.652691E+1	8.437155E-5	3.400000E+9	1.678392E+2	8.281723E-5
3.500000E+2	3.400000E+9	-2.625882E+1	8.381153E-5	3.400000E+9	1.672254E+2	8.362685E-5
3.500000E+2	3.400000E+9	-2.623219E+1	8.373479E-5	3.400000E+9	1.672046E+2	8.272176E-5
3.500000E+2	3.400000E+9	-2.643288E+1	8.438720E-5	3.400000E+9	1.681767E+2	8.376729E-5
3.500000E+2	3.400000E+9	-2.641899E+1	8.509379E-5	3.400000E+9	1.668433E+2	8.349597E-5
3.500000E+2	3.400000E+9	-2.685642E+1	8.453900E-5	3.400000E+9	1.676456E+2	8.362917E-5
3.500000E+2	3.400000E+9	-2.739824E+1	8.472042E-5	3.400000E+9	1.666386E+2	8.288537E-5
3.500000E+2	3.400000E+9	-2.735849E+1	8.392341E-5	3.400000E+9	1.662462E+2	8.275284E-5
3.500000E+2	3.400000E+9	-2.732962E+1	8.519629E-5	3.400000E+9	1.671823E+2	8.269052E-5
